id,cost,status,xloc,yloc
1,0.001034757839572928,0.0,514000.0,9365000.0
2,0.001034757839572928,0.0,514500.0,9365000.0
3,0.001034757839572928,0.0,515000.0,9365000.0
4,0.001034757839572928,0.0,515500.0,9365000.0
5,0.001034757839572928,0.0,516000.0,9365000.0
6,0.00046479249667395034,0.0,516500.0,9365000.0
7,0.00046479249667395034,0.0,517000.0,9365000.0
8,0.00046479249667395034,0.0,517500.0,9365000.0
9,0.0018976813684207486,0.0,518000.0,9365000.0
10,0.0015752510218496264,0.0,518500.0,9365000.0
11,0.0015752510218496264,0.0,519000.0,9365000.0
12,0.0026938631079126097,0.0,519500.0,9365000.0
13,0.004293732413115763,0.0,520000.0,9365000.0
14,0.004293732413115763,0.0,520500.0,9365000.0
15,0.002200954222237874,0.0,521000.0,9365000.0
16,0.003203291835744631,0.0,521500.0,9365000.0
17,0.003203291835744631,0.0,522000.0,9365000.0
18,0.0016563204515417575,0.0,522500.0,9365000.0
19,0.0016403520179153457,0.0,523000.0,9365000.0
20,0.0005376100708082856,0.0,523500.0,9365000.0
21,0.0,0.0,524000.0,9365000.0
22,0.10763922236552145,0.0,524500.0,9365000.0
23,0.04501548317190431,0.0,525000.0,9365000.0
24,0.03332210353954761,0.0,525500.0,9365000.0
25,0.03391548359296775,0.0,526000.0,9365000.0
26,0.0019240611354445765,0.0,526500.0,9365000.0
27,0.002281250656498799,0.0,527000.0,9365000.0
28,0.00251757467843222,0.0,527500.0,9365000.0
29,0.1921971281724456,0.0,528000.0,9365000.0
30,0.19199079245682624,0.0,528500.0,9365000.0
31,0.04830367511982128,0.0,529000.0,9365000.0
32,0.00021955061976545139,0.0,529500.0,9365000.0
33,0.006052321439841317,0.0,530000.0,9365000.0
34,0.006987059148358692,0.0,530500.0,9365000.0
35,0.019565471718565444,0.0,531000.0,9365000.0
36,0.05390477537781412,0.0,531500.0,9365000.0
37,0.001034757839572928,0.0,514000.0,9364500.0
38,0.001034757839572928,0.0,514500.0,9364500.0
39,0.001034757839572928,0.0,515000.0,9364500.0
40,0.001034757839572928,0.0,515500.0,9364500.0
41,0.001034757839572928,0.0,516000.0,9364500.0
42,0.001034757839572928,0.0,516500.0,9364500.0
43,0.00046479249667395034,0.0,517000.0,9364500.0
44,0.00046479249667395034,0.0,517500.0,9364500.0
45,0.0018338076339151018,0.0,518000.0,9364500.0
46,0.0017204977615087758,0.0,518500.0,9364500.0
47,0.0015752510218496264,0.0,519000.0,9364500.0
48,0.004293732413115763,0.0,519500.0,9364500.0
49,0.006512458248053209,0.0,520000.0,9364500.0
50,0.00720846503665053,0.0,520500.0,9364500.0
51,0.007077759567505044,0.0,521000.0,9364500.0
52,0.007130116201216829,0.0,521500.0,9364500.0
53,0.011056940566689029,0.0,522000.0,9364500.0
54,0.009494000748859742,0.0,522500.0,9364500.0
55,0.0016403520179153457,0.0,523000.0,9364500.0
56,0.0026303593356088147,0.0,523500.0,9364500.0
57,0.002203271579328863,0.0,524000.0,9364500.0
58,0.009137753826836986,0.0,524500.0,9364500.0
59,0.0514635587043878,0.0,525000.0,9364500.0
60,0.044080816716961645,0.0,525500.0,9364500.0
61,0.03391548359296775,0.0,526000.0,9364500.0
62,0.002198470608958704,0.0,526500.0,9364500.0
63,0.00021955061976545139,0.0,527000.0,9364500.0
64,0.06680301033260502,0.0,527500.0,9364500.0
65,0.17029839338110594,0.0,528000.0,9364500.0
66,0.1684177710463939,0.0,528500.0,9364500.0
67,0.00021955061976545139,0.0,529000.0,9364500.0
68,0.0032761220674238922,0.0,529500.0,9364500.0
69,1.0,0.0,530000.0,9364500.0
70,0.03267969873736613,0.0,530500.0,9364500.0
71,0.09342552537333812,0.0,531000.0,9364500.0
72,0.0810837875161913,0.0,531500.0,9364500.0
73,0.001034757839572928,0.0,514000.0,9364000.0
74,0.001034757839572928,0.0,514500.0,9364000.0
75,0.001034757839572928,0.0,515000.0,9364000.0
76,0.001034757839572928,0.0,515500.0,9364000.0
77,0.001034757839572928,0.0,516000.0,9364000.0
78,0.001034757839572928,0.0,516500.0,9364000.0
79,0.001034757839572928,0.0,517000.0,9364000.0
80,0.0035800796986638745,0.0,517500.0,9364000.0
81,0.0035800796986638745,0.0,518000.0,9364000.0
82,0.0041702730354075445,0.0,518500.0,9364000.0
83,0.0015113772873439797,0.0,519000.0,9364000.0
84,0.00427776397948935,0.0,519500.0,9364000.0
85,0.010178572814362689,0.0,520000.0,9364000.0
86,0.011088123481099986,0.0,520500.0,9364000.0
87,0.011088123481099986,0.0,521000.0,9364000.0
88,0.01114048011481177,0.0,521500.0,9364000.0
89,0.009966305479252518,0.0,522000.0,9364000.0
90,0.009066912992579789,0.0,522500.0,9364000.0
91,0.04804606360458989,0.0,523000.0,9364000.0
92,0.008813086317315451,0.0,523500.0,9364000.0
93,0.010114706242221966,0.0,524000.0,9364000.0
94,0.009137753826836986,0.0,524500.0,9364000.0
95,0.11116059128594792,0.0,525000.0,9364000.0
96,0.14516061761213256,0.0,525500.0,9364000.0
97,0.021543674472401547,0.0,526000.0,9364000.0
98,0.000593380053420139,0.0,526500.0,9364000.0
99,0.002281655106126998,0.0,527000.0,9364000.0
100,0.06886511481896657,0.0,527500.0,9364000.0
101,0.07844970864417627,0.0,528000.0,9364000.0
102,0.07844970864417627,0.0,528500.0,9364000.0
103,0.00237511246454067,0.0,529000.0,9364000.0
104,0.000593380053420139,0.0,529500.0,9364000.0
105,0.0057007437581898844,0.0,530000.0,9364000.0
106,0.09356606089158638,0.0,530500.0,9364000.0
107,0.09300391881859334,0.0,531000.0,9364000.0
108,0.04671227949682259,0.0,531500.0,9364000.0
109,0.0026788419525042265,0.0,514000.0,9363500.0
110,0.004898765229276361,0.0,514500.0,9363500.0
111,0.004898765229276361,0.0,515000.0,9363500.0
112,0.008762772618979795,0.0,515500.0,9363500.0
113,0.008762772618979795,0.0,516000.0,9363500.0
114,0.004898765229276361,0.0,516500.0,9363500.0
115,0.0033712232410653717,0.0,517000.0,9363500.0
116,0.004150045041562852,0.0,517500.0,9363500.0
117,0.0035800796986638745,0.0,518000.0,9363500.0
118,0.0035800796986638745,0.0,518500.0,9363500.0
119,0.017369222419936527,0.0,519000.0,9363500.0
120,0.01824011204800748,0.0,519500.0,9363500.0
121,0.024897363521911967,0.0,520000.0,9363500.0
122,0.024897363521911967,0.0,520500.0,9363500.0
123,0.021022895790151555,0.0,521000.0,9363500.0
124,0.009280503486785021,0.0,521500.0,9363500.0
125,0.008769876182382326,0.0,522000.0,9363500.0
126,0.00863982523629984,0.0,522500.0,9363500.0
127,0.04732809152906574,0.0,523000.0,9363500.0
128,0.03263376077827259,0.0,523500.0,9363500.0
129,0.07247444851421687,0.0,524000.0,9363500.0
130,0.009137753826836986,0.0,524500.0,9363500.0
131,0.056446374660507836,0.0,525000.0,9363500.0
132,0.10203226745681243,0.0,525500.0,9363500.0
133,0.02015178555802302,0.0,526000.0,9363500.0
134,0.015855999028180735,0.0,526500.0,9363500.0
135,0.010206502912406823,0.0,527000.0,9363500.0
136,0.06886511481896657,0.0,527500.0,9363500.0
137,0.07844970864417627,0.0,528000.0,9363500.0
138,0.07835549928364917,0.0,528500.0,9363500.0
139,0.0026554845397816856,0.0,529000.0,9363500.0
140,0.001624432296600912,0.0,529500.0,9363500.0
141,0.04044943128333762,0.0,530000.0,9363500.0
142,0.09258327864354149,0.0,530500.0,9363500.0
143,0.09300391881859334,0.0,531000.0,9363500.0
144,0.09356606089158638,0.0,531500.0,9363500.0
145,0.0,0.0,532000.0,9363500.0
146,0.014016318936280083,0.0,514000.0,9363000.0
147,0.011223308902594773,0.0,514500.0,9363000.0
148,0.011127758099507643,0.0,515000.0,9363000.0
149,0.011032207296420514,0.0,515500.0,9363000.0
150,0.011032207296420514,0.0,516000.0,9363000.0
151,0.011032207296420514,0.0,516500.0,9363000.0
152,0.024381642725581583,0.0,517000.0,9363000.0
153,0.022139211486947755,0.0,517500.0,9363000.0
154,0.017001884794257013,0.0,518000.0,9363000.0
155,0.005512083393515591,0.0,518500.0,9363000.0
156,0.018947828341290444,0.0,519000.0,9363000.0
157,0.017129675161446613,0.0,519500.0,9363000.0
158,0.021022895790151555,0.0,520000.0,9363000.0
159,0.021022895790151555,0.0,520500.0,9363000.0
160,0.021022895790151555,0.0,521000.0,9363000.0
161,0.01880416995521411,0.0,521500.0,9363000.0
162,0.01658544412027666,0.0,522000.0,9363000.0
163,0.016455393174194175,0.0,522500.0,9363000.0
164,0.05610575917768842,0.0,523000.0,9363000.0
165,0.018847652954839787,0.0,523500.0,9363000.0
166,0.13217294005142624,0.0,524000.0,9363000.0
167,0.11877596797316332,0.0,524500.0,9363000.0
168,0.00999911784552011,0.0,525000.0,9363000.0
169,0.009568435836178548,0.0,525500.0,9363000.0
170,0.031215254781559083,0.0,526000.0,9363000.0
171,0.02877433636680024,0.0,526500.0,9363000.0
172,0.01813135071868665,0.0,527000.0,9363000.0
173,0.010555332166250386,0.0,527500.0,9363000.0
174,0.012054667652390893,0.0,528000.0,9363000.0
175,0.012240078364991394,0.0,528500.0,9363000.0
176,0.0026554845397816856,0.0,529000.0,9363000.0
177,0.004252286655663302,0.0,529500.0,9363000.0
178,0.04030889576508936,0.0,530000.0,9363000.0
179,0.05295612652488083,0.0,530500.0,9363000.0
180,0.09300391881859334,0.0,531000.0,9363000.0
181,0.09356606089158638,0.0,531500.0,9363000.0
182,0.017167445232754857,0.0,532000.0,9363000.0
183,0.01601011419178508,0.0,514000.0,9362500.0
184,0.013217104158099768,0.0,514500.0,9362500.0
185,0.011414410508769035,0.0,515000.0,9362500.0
186,0.011414410508769035,0.0,515500.0,9362500.0
187,0.011414410508769035,0.0,516000.0,9362500.0
188,0.011414410508769035,0.0,516500.0,9362500.0
189,0.024777347657333554,0.0,517000.0,9362500.0
190,0.022534916418699726,0.0,517500.0,9362500.0
191,0.019973003932056078,0.0,518000.0,9362500.0
192,0.011851549787569565,0.0,518500.0,9362500.0
193,0.019438212542110728,0.0,519000.0,9362500.0
194,0.0208669705650082,0.0,519500.0,9362500.0
195,0.021642472650938833,0.0,520000.0,9362500.0
196,0.02183999712493229,0.0,520500.0,9362500.0
197,0.021826495405528848,0.0,521000.0,9362500.0
198,0.019594267851187952,0.0,521500.0,9362500.0
199,0.017375542016250505,0.0,522000.0,9362500.0
200,0.01724549107016802,0.0,522500.0,9362500.0
201,0.06528483346008364,0.0,523000.0,9362500.0
202,0.028073670013404353,0.0,523500.0,9362500.0
203,0.2314397010385292,0.0,524000.0,9362500.0
204,0.004999558922760055,0.0,525000.0,9362500.0
205,0.00999911784552011,0.0,525500.0,9362500.0
206,0.031215254781559083,0.0,526000.0,9362500.0
207,0.04609825305747135,0.0,526500.0,9362500.0
208,0.026052040588392146,0.0,527000.0,9362500.0
209,0.018640590505319587,0.0,527500.0,9362500.0
210,0.01274931815162433,0.0,528000.0,9362500.0
211,0.012240078364991394,0.0,528500.0,9362500.0
212,0.0026554845397816856,0.0,529000.0,9362500.0
213,0.008207883284616536,0.0,529500.0,9362500.0
214,0.03988728921034457,0.0,530000.0,9362500.0
215,0.03988728921034457,0.0,530500.0,9362500.0
216,0.0410096405969448,0.0,531000.0,9362500.0
217,0.03990261194723261,0.0,531500.0,9362500.0
218,0.017588085407806712,0.0,532000.0,9362500.0
219,0.014914058116497547,0.0,514000.0,9362000.0
220,0.013818002041210014,0.0,514500.0,9362000.0
221,0.012015308391879278,0.0,515000.0,9362000.0
222,0.011414410508769035,0.0,515500.0,9362000.0
223,0.011414410508769035,0.0,516000.0,9362000.0
224,0.021662060455343628,0.0,516500.0,9362000.0
225,0.024777347657333554,0.0,517000.0,9362000.0
226,0.022534916418699726,0.0,517500.0,9362000.0
227,0.01484917895876878,0.0,518000.0,9362000.0
228,0.011415833103013993,0.0,518500.0,9362000.0
229,0.01160360420769136,0.0,519000.0,9362000.0
230,0.021657068460982042,0.0,519500.0,9362000.0
231,0.02183999712493229,0.0,520000.0,9362000.0
232,0.02183999712493229,0.0,520500.0,9362000.0
233,0.0218129936861254,0.0,521000.0,9362000.0
234,0.017375542016250505,0.0,521500.0,9362000.0
235,0.06729438672485069,0.0,522000.0,9362000.0
236,0.016850442122181095,0.0,522500.0,9362000.0
237,0.06528483346008364,0.0,523000.0,9362000.0
238,0.028073670013404353,0.0,523500.0,9362000.0
239,0.11420709105974483,0.0,524000.0,9362000.0
240,0.00043068200934156154,0.0,525000.0,9362000.0
241,0.03582456879095815,0.0,525500.0,9362000.0
242,0.031215254781559083,0.0,526000.0,9362000.0
243,0.04921428551098829,0.0,526500.0,9362000.0
244,0.0285355101047404,0.0,527000.0,9362000.0
245,0.018640590505319587,0.0,527500.0,9362000.0
246,0.03470023231084957,0.0,528000.0,9362000.0
247,0.030954136143206152,0.0,528500.0,9362000.0
248,0.004524426858602807,0.0,529000.0,9362000.0
249,0.08250212019787195,0.0,529500.0,9362000.0
250,0.03988728921034457,0.0,530000.0,9362000.0
251,0.03988728921034457,0.0,530500.0,9362000.0
252,0.03524692176458402,0.0,531000.0,9362000.0
253,0.017869156444303237,0.0,532000.0,9362000.0
254,0.012946568672098873,0.0,514000.0,9361500.0
255,0.013818002041210014,0.0,514500.0,9361500.0
256,0.013818002041210014,0.0,515000.0,9361500.0
257,0.011414410508769035,0.0,515500.0,9361500.0
258,0.011414410508769035,0.0,516000.0,9361500.0
259,0.021662060455343628,0.0,516500.0,9361500.0
260,0.024777347657333554,0.0,517000.0,9361500.0
261,0.022534916418699726,0.0,517500.0,9361500.0
262,0.012287266472125134,0.0,518000.0,9361500.0
263,0.011415833103013993,0.0,518500.0,9361500.0
264,0.012393702103665206,0.0,519000.0,9361500.0
265,0.005987851792143309,0.0,519500.0,9361500.0
266,0.02183999712493229,0.0,520000.0,9361500.0
267,0.02183999712493229,0.0,520500.0,9361500.0
268,0.0218129936861254,0.0,521000.0,9361500.0
269,0.11721323143345087,0.0,521500.0,9361500.0
270,0.11721323143345087,0.0,522000.0,9361500.0
271,0.016649067179561963,0.0,522500.0,9361500.0
272,0.0655430654672407,0.0,523000.0,9361500.0
273,0.028073670013404353,0.0,523500.0,9361500.0
274,0.0,0.0,524000.0,9361500.0
275,0.01334340748206058,0.0,525000.0,9361500.0
276,0.03582456879095815,0.0,525500.0,9361500.0
277,0.020176504304198033,0.0,526000.0,9361500.0
278,0.08737315050089942,0.0,526500.0,9361500.0
279,0.04533246208284182,0.0,527000.0,9361500.0
280,0.024019947094026606,0.0,527500.0,9361500.0
281,0.029907935398244715,0.0,528000.0,9361500.0
282,0.036569174629670693,0.0,528500.0,9361500.0
283,0.004524426858602807,0.0,529000.0,9361500.0
284,0.13959620277619303,0.0,529500.0,9361500.0
285,0.0402557392731377,0.0,530000.0,9361500.0
286,0.0402557392731377,0.0,530500.0,9361500.0
287,0.038499189524135856,0.0,531000.0,9361500.0
288,0.03461596150200624,0.0,531500.0,9361500.0
289,0.026944270184703117,0.0,532000.0,9361500.0
290,0.034154267322036205,0.0,514000.0,9361000.0
291,0.012946568672098873,0.0,514500.0,9361000.0
292,0.012946568672098873,0.0,515000.0,9361000.0
293,0.013818002041210014,0.0,515500.0,9361000.0
294,0.011414410508769035,0.0,516000.0,9361000.0
295,0.021662060455343628,0.0,516500.0,9361000.0
296,0.024777347657333554,0.0,517000.0,9361000.0
297,0.022534916418699726,0.0,517500.0,9361000.0
298,0.011851549787569565,0.0,518000.0,9361000.0
299,0.012299816551326523,0.0,518500.0,9361000.0
300,0.0168311537735401,0.0,519000.0,9361000.0
301,0.011783862876698458,0.0,519500.0,9361000.0
302,0.006170780456093558,0.0,520000.0,9361000.0
303,0.006170780456093558,0.0,520500.0,9361000.0
304,0.03110319937158676,0.0,521000.0,9361000.0
305,0.10154401476461215,0.0,521500.0,9361000.0
306,0.10154401476461215,0.0,522000.0,9361000.0
307,0.001044408512512491,0.0,522500.0,9361000.0
308,0.0655430654672407,0.0,523000.0,9361000.0
309,0.02612863044123254,0.0,523500.0,9361000.0
310,0.01291272547271902,0.0,525000.0,9361000.0
311,0.03582456879095815,0.0,525500.0,9361000.0
312,0.009137753826836986,0.0,526000.0,9361000.0
313,0.08737315050089942,0.0,526500.0,9361000.0
314,0.045398342688779104,0.0,527000.0,9361000.0
315,0.02872068381604886,0.0,527500.0,9361000.0
316,0.011837128575277663,0.0,528000.0,9361000.0
317,0.036569174629670693,0.0,528500.0,9361000.0
318,0.015499883938215428,0.0,529000.0,9361000.0
319,0.5421500666301445,0.0,529500.0,9361000.0
320,0.03697675623683891,0.0,530000.0,9361000.0
321,0.034703340528302845,0.0,530500.0,9361000.0
322,0.03988728921034457,0.0,531000.0,9361000.0
323,0.04009760929787049,0.0,531500.0,9361000.0
324,0.04072856956044827,0.0,532000.0,9361000.0
325,0.02355041799706754,0.0,514000.0,9360500.0
326,0.012946568672098873,0.0,514500.0,9360500.0
327,0.012946568672098873,0.0,515000.0,9360500.0
328,0.012946568672098873,0.0,515500.0,9360500.0
329,0.011143875022768137,0.0,516000.0,9360500.0
330,0.021226343770788053,0.0,516500.0,9360500.0
331,0.02365613203801664,0.0,517000.0,9360500.0
332,0.022534916418699726,0.0,517500.0,9360500.0
333,0.012205930998987839,0.0,518000.0,9360500.0
334,0.012393702103665206,0.0,518500.0,9360500.0
335,0.0168311537735401,0.0,519000.0,9360500.0
336,0.007919855486995024,0.0,519500.0,9360500.0
337,0.006170780456093558,0.0,520000.0,9360500.0
338,0.006170780456093558,0.0,520500.0,9360500.0
339,0.006143777017286667,0.0,521000.0,9360500.0
340,0.05162517005601196,0.0,521500.0,9360500.0
341,0.0017063253474117743,0.0,522000.0,9360500.0
342,0.001036090131417666,0.0,522500.0,9360500.0
343,0.0655430654672407,0.0,523000.0,9360500.0
344,0.0283319020205614,0.0,523500.0,9360500.0
345,0.01291272547271902,0.0,525000.0,9360500.0
346,0.031255691877539654,0.0,525500.0,9360500.0
347,0.009137753826836986,0.0,526000.0,9360500.0
348,0.08737315050089942,0.0,526500.0,9360500.0
349,0.07587343358154557,0.0,527000.0,9360500.0
350,0.0393354343200416,0.0,527500.0,9360500.0
351,0.019777298359587615,0.0,528000.0,9360500.0
352,0.04111600604674282,0.0,528500.0,9360500.0
353,0.038465237697123934,0.0,529000.0,9360500.0
354,0.05687974420305983,0.0,529500.0,9360500.0
355,0.04030590092401772,0.0,530000.0,9360500.0
356,0.039643100342893936,0.0,530500.0,9360500.0
357,0.03925017194537497,0.0,531000.0,9360500.0
358,0.037111089837927144,0.0,531500.0,9360500.0
359,0.04030792938539642,0.0,532000.0,9360500.0
360,0.018348503587144346,0.0,514000.0,9360000.0
361,0.012996573798379443,0.0,514500.0,9360000.0
362,0.012971571235239157,0.0,515000.0,9360000.0
363,0.012946568672098873,0.0,515500.0,9360000.0
364,0.01807039364538617,0.0,516000.0,9360000.0
365,0.020790627086232485,0.0,516500.0,9360000.0
366,0.022784698668905496,0.0,517000.0,9360000.0
367,0.02225605647156897,0.0,517500.0,9360000.0
368,0.012205930998987839,0.0,518000.0,9360000.0
369,0.013503065021133928,0.0,518500.0,9360000.0
370,0.0168311537735401,0.0,519000.0,9360000.0
371,0.005987851792143309,0.0,519500.0,9360000.0
372,0.006170780456093558,0.0,520000.0,9360000.0
373,0.006170780456093558,0.0,520500.0,9360000.0
374,0.006143777017286667,0.0,521000.0,9360000.0
375,0.0017063253474117743,0.0,521500.0,9360000.0
376,0.0017063253474117743,0.0,522000.0,9360000.0
377,0.001027771750322841,0.0,522500.0,9360000.0
378,0.0655430654672407,0.0,523000.0,9360000.0
379,0.02371889349127912,0.0,523500.0,9360000.0
380,0.01334340748206058,0.0,525000.0,9360000.0
381,0.02668681496412116,0.0,525500.0,9360000.0
382,0.00999911784552011,0.0,526000.0,9360000.0
383,0.04525472871139417,0.0,526500.0,9360000.0
384,0.08864302900614003,0.0,527000.0,9360000.0
385,0.05285891172811323,0.0,527500.0,9360000.0
386,0.02293280202907524,0.0,528000.0,9360000.0
387,0.019165091887517582,0.0,528500.0,9360000.0
388,0.04111600604674282,0.0,529000.0,9360000.0
389,0.030406322490822268,0.0,529500.0,9360000.0
390,0.0069571205087109655,0.0,530000.0,9360000.0
391,0.004891640629186643,0.0,530500.0,9360000.0
392,0.030666449328997546,0.0,531000.0,9360000.0
393,0.03925017194537497,0.0,531500.0,9360000.0
394,0.03602765596537628,0.0,532000.0,9360000.0
395,0.013046578924660011,0.0,514000.0,9359500.0
396,0.013046578924660011,0.0,514500.0,9359500.0
397,0.013046578924660011,0.0,515000.0,9359500.0
398,0.013046578924660011,0.0,515500.0,9359500.0
399,0.01817040389794731,0.0,516000.0,9359500.0
400,0.02188767313013013,0.0,516500.0,9359500.0
401,0.021763493302149724,0.0,517000.0,9359500.0
402,0.022553591198123564,0.0,517500.0,9359500.0
403,0.012255936125268407,0.0,518000.0,9359500.0
404,0.0168311537735401,0.0,518500.0,9359500.0
405,0.0168311537735401,0.0,519000.0,9359500.0
406,0.0062704177302926965,0.0,519500.0,9359500.0
407,0.006170780456093558,0.0,520000.0,9359500.0
408,0.006170780456093558,0.0,520500.0,9359500.0
409,0.006143777017286667,0.0,521000.0,9359500.0
410,0.022946484961722493,0.0,521500.0,9359500.0
411,0.022946484961722493,0.0,522000.0,9359500.0
412,0.001027771750322841,0.0,522500.0,9359500.0
413,0.0655430654672407,0.0,523000.0,9359500.0
414,0.019105884961996836,0.0,523500.0,9359500.0
415,0.007317726755042633,0.0,525500.0,9359500.0
416,0.00999911784552011,0.0,526000.0,9359500.0
417,0.020607186313539593,0.0,526500.0,9359500.0
418,0.08737315050089942,0.0,527000.0,9359500.0
419,0.05207405119162064,0.0,527500.0,9359500.0
420,0.021917173281414154,0.0,528000.0,9359500.0
421,0.011042175359199735,0.0,528500.0,9359500.0
422,0.035628277506936507,0.0,529000.0,9359500.0
423,0.03931126381947414,0.0,529500.0,9359500.0
424,0.024871077332149,0.0,530000.0,9359500.0
425,0.007307245697063393,0.0,530500.0,9359500.0
426,0.005107517609744275,0.0,531000.0,9359500.0
427,0.030666449328997546,0.0,531500.0,9359500.0
428,0.1958948652957635,0.0,532000.0,9359500.0
429,0.010642987392219033,0.0,514000.0,9359000.0
430,0.013046578924660011,0.0,514500.0,9359000.0
431,0.011925363305343098,0.0,515000.0,9359000.0
432,0.010804147686026186,0.0,515500.0,9359000.0
433,0.01592797265931348,0.0,516000.0,9359000.0
434,0.02020584970115476,0.0,516500.0,9359000.0
435,0.022158542250136647,0.0,517000.0,9359000.0
436,0.022553591198123564,0.0,517500.0,9359000.0
437,0.01239982680388766,0.0,518000.0,9359000.0
438,0.011135152941546088,0.0,518500.0,9359000.0
439,0.00920314924669437,0.0,519000.0,9359000.0
440,0.00665299392100322,0.0,519500.0,9359000.0
441,0.006170780456093558,0.0,520000.0,9359000.0
442,0.006170780456093558,0.0,520500.0,9359000.0
443,0.01676385682444203,0.0,521000.0,9359000.0
444,0.022946484961722493,0.0,521500.0,9359000.0
445,0.022946484961722493,0.0,522000.0,9359000.0
446,0.0010111349881331908,0.0,522500.0,9359000.0
447,0.0655430654672407,0.0,523000.0,9359000.0
448,0.018903747567256896,0.0,523500.0,9359000.0
449,0.00021534100467078077,0.0,525500.0,9359000.0
450,0.0031458024753923696,0.0,526000.0,9359000.0
451,0.00999911784552011,0.0,526500.0,9359000.0
452,0.08737315050089942,0.0,527000.0,9359000.0
453,0.029164089382275455,0.0,527500.0,9359000.0
454,0.026624332371794217,0.0,528000.0,9359000.0
455,0.005649451257125201,0.0,528500.0,9359000.0
456,0.0179745191870914,0.0,529000.0,9359000.0
457,0.04181234201598614,0.0,529500.0,9359000.0
458,0.1778850167610597,0.0,530000.0,9359000.0
459,0.013315934047157005,0.0,530500.0,9359000.0
460,0.013781788234897747,0.0,531000.0,9359000.0
461,0.004753002006730684,0.0,531500.0,9359000.0
462,0.19647421943761684,0.0,532000.0,9359000.0
463,0.0006725413741783407,0.0,514000.0,9358500.0
464,0.010804147686026186,0.0,514500.0,9358500.0
465,0.010804147686026186,0.0,515000.0,9358500.0
466,0.006940140296322753,0.0,515500.0,9358500.0
467,0.006940140296322753,0.0,516000.0,9358500.0
468,0.015237274288963347,0.0,516500.0,9358500.0
469,0.0148255764187167,0.0,517000.0,9358500.0
470,0.0148255764187167,0.0,517500.0,9358500.0
471,0.006984423411756924,0.0,518000.0,9358500.0
472,0.00920314924669437,0.0,518500.0,9358500.0
473,0.00920314924669437,0.0,519000.0,9358500.0
474,0.00665299392100322,0.0,519500.0,9358500.0
475,0.006270790708654697,0.0,520000.0,9358500.0
476,0.006170780456093558,0.0,520500.0,9358500.0
477,0.01676385682444203,0.0,521000.0,9358500.0
478,0.022946484961722493,0.0,521500.0,9358500.0
479,0.02255143601373557,0.0,522000.0,9358500.0
480,0.024427534659610443,0.0,522500.0,9358500.0
481,0.0655430654672407,0.0,523000.0,9358500.0
482,0.015510703529857865,0.0,523500.0,9358500.0
483,0.0,0.0,526000.0,9358500.0
484,0.002715120466050808,0.0,526500.0,9358500.0
485,0.04578058587469923,0.0,527000.0,9358500.0
486,0.07163998599897242,0.0,527500.0,9358500.0
487,0.06679374503543557,0.0,528000.0,9358500.0
488,0.04484355402737171,0.0,528500.0,9358500.0
489,0.008256733752117293,0.0,529000.0,9358500.0
490,0.1524570001828144,0.0,529500.0,9358500.0
491,0.1855233703333112,0.0,530000.0,9358500.0
492,0.018803662586963317,0.0,530500.0,9358500.0
493,0.014096577455526489,0.0,531000.0,9358500.0
494,0.009185810922395997,0.0,531500.0,9358500.0
495,0.19699417779778927,0.0,532000.0,9358500.0
496,0.0006725413741783407,0.0,514000.0,9358000.0
497,0.001273439257288585,0.0,514500.0,9358000.0
498,0.003076132906619317,0.0,515000.0,9358000.0
499,0.003076132906619317,0.0,515500.0,9358000.0
500,0.003076132906619317,0.0,516000.0,9358000.0
501,0.01737336561203965,0.0,516500.0,9358000.0
502,0.016299118584441413,0.0,517000.0,9358000.0
503,0.016299118584441413,0.0,517500.0,9358000.0
504,0.012150233578143797,0.0,518000.0,9358000.0
505,0.012150233578143797,0.0,518500.0,9358000.0
506,0.012150233578143797,0.0,519000.0,9358000.0
507,0.009600078252452645,0.0,519500.0,9358000.0
508,0.006270790708654697,0.0,520000.0,9358000.0
509,0.006170780456093558,0.0,520500.0,9358000.0
510,0.01676385682444203,0.0,521000.0,9358000.0
511,0.022946484961722493,0.0,521500.0,9358000.0
512,0.022156387065748646,0.0,522000.0,9358000.0
513,0.024427534659610443,0.0,522500.0,9358000.0
514,0.0655430654672407,0.0,523000.0,9358000.0
515,0.006284686471293293,0.0,523500.0,9358000.0
516,0.044738289577059845,0.0,527000.0,9358000.0
517,0.07328948520306136,0.0,527500.0,9358000.0
518,0.056032358608192875,0.0,528000.0,9358000.0
519,0.00708658842755336,0.0,528500.0,9358000.0
520,0.006855027013001451,0.0,529000.0,9358000.0
521,0.3010550203624938,0.0,529500.0,9358000.0
522,0.11078315054793349,0.0,530000.0,9358000.0
523,0.01352210463681556,0.0,530500.0,9358000.0
524,0.014201507195736072,0.0,531000.0,9358000.0
525,0.009185810922395997,0.0,531500.0,9358000.0
526,0.1949643829023307,0.0,532000.0,9358000.0
527,0.0025517605000337134,0.0,514000.0,9357500.0
528,0.0025517605000337134,0.0,514500.0,9357500.0
529,0.00495535203247469,0.0,515000.0,9357500.0
530,0.0038129039894816735,0.0,515500.0,9357500.0
531,0.0060232172380687435,0.0,516000.0,9357500.0
532,0.01938615438663326,0.0,516500.0,9357500.0
533,0.017772660750166126,0.0,517000.0,9357500.0
534,0.017772660750166126,0.0,517500.0,9357500.0
535,0.012150233578143797,0.0,518000.0,9357500.0
536,0.012150233578143797,0.0,518500.0,9357500.0
537,0.010875155915298222,0.0,519000.0,9357500.0
538,0.009600078252452645,0.0,519500.0,9357500.0
539,0.006270790708654697,0.0,520000.0,9357500.0
540,0.006157278736690112,0.0,520500.0,9357500.0
541,0.01676385682444203,0.0,521000.0,9357500.0
542,0.022946484961722493,0.0,521500.0,9357500.0
543,0.022156387065748646,0.0,522000.0,9357500.0
544,0.024427534659610443,0.0,522500.0,9357500.0
545,0.047091031350111556,0.0,523000.0,9357500.0
546,0.006155570467714769,0.0,523500.0,9357500.0
547,0.0,0.0,525500.0,9357500.0
548,0.0,0.0,526500.0,9357500.0
549,0.0,0.0,527000.0,9357500.0
550,0.020084706331820672,0.0,527500.0,9357500.0
551,0.0,0.0,528000.0,9357500.0
552,0.5654675131274556,0.0,528500.0,9357500.0
553,0.011647323925606305,0.0,529000.0,9357500.0
554,0.5309962315386387,0.0,529500.0,9357500.0
555,0.06859221801594145,0.0,530000.0,9357500.0
556,0.03784338828245822,0.0,530500.0,9357500.0
557,0.014201507195736072,0.0,531000.0,9357500.0
558,0.0053932141670054055,0.0,531500.0,9357500.0
559,0.19258788189896536,0.0,532000.0,9357500.0
560,0.0025517605000337134,0.0,514000.0,9357000.0
561,0.0025517605000337134,0.0,514500.0,9357000.0
562,0.006428894198199403,0.0,515000.0,9357000.0
563,0.007902436363924115,0.0,515500.0,9357000.0
564,0.007432631582460273,0.0,516000.0,9357000.0
565,0.01938615438663326,0.0,516500.0,9357000.0
566,0.017772660750166126,0.0,517000.0,9357000.0
567,0.017772660750166126,0.0,517500.0,9357000.0
568,0.012150233578143797,0.0,518000.0,9357000.0
569,0.012150233578143797,0.0,518500.0,9357000.0
570,0.009600078252452645,0.0,519000.0,9357000.0
571,0.009600078252452645,0.0,519500.0,9357000.0
572,0.006270790708654697,0.0,520000.0,9357000.0
573,0.006157278736690112,0.0,520500.0,9357000.0
574,0.027383936631597383,0.0,521000.0,9357000.0
575,0.022156387065748646,0.0,521500.0,9357000.0
576,0.022156387065748646,0.0,522000.0,9357000.0
577,0.024427534659610443,0.0,522500.0,9357000.0
578,0.08567557991932039,0.0,523000.0,9357000.0
579,0.0024901077713873556,0.0,523500.0,9357000.0
580,0.0,0.0,525500.0,9357000.0
581,0.0,0.0,526500.0,9357000.0
582,0.0,0.0,527000.0,9357000.0
583,0.0,0.0,527500.0,9357000.0
584,0.5618743206475518,0.0,528500.0,9357000.0
585,0.04615820785582367,0.0,529000.0,9357000.0
586,0.07350082631766028,0.0,529500.0,9357000.0
587,0.06301406430829867,0.0,530000.0,9357000.0
588,0.029690281866538062,0.0,530500.0,9357000.0
589,0.012960595472136136,0.0,531000.0,9357000.0
590,0.011795633590545054,0.0,531500.0,9357000.0
591,0.09544602337490661,0.0,532000.0,9357000.0
592,0.0025517605000337134,0.0,514000.0,9356500.0
593,0.0025517605000337134,0.0,514500.0,9356500.0
594,0.00495535203247469,0.0,515000.0,9356500.0
595,0.007902436363924115,0.0,515500.0,9356500.0
596,0.007902436363924115,0.0,516000.0,9356500.0
597,0.018768120348565984,0.0,516500.0,9356500.0
598,0.017772660750166126,0.0,517000.0,9356500.0
599,0.017819603526335468,0.0,517500.0,9356500.0
600,0.012150233578143797,0.0,518000.0,9356500.0
601,0.012150233578143797,0.0,518500.0,9356500.0
602,0.009600078252452645,0.0,519000.0,9356500.0
603,0.009600078252452645,0.0,519500.0,9356500.0
604,0.006270790708654697,0.0,520000.0,9356500.0
605,0.00615052787698839,0.0,520500.0,9356500.0
606,0.026274573714128655,0.0,521000.0,9356500.0
607,0.022156387065748646,0.0,521500.0,9356500.0
608,0.022156387065748646,0.0,522000.0,9356500.0
609,0.047750048778749006,0.0,522500.0,9356500.0
610,0.062259180247843146,0.0,523000.0,9356500.0
611,0.05354448279559539,0.0,523500.0,9356500.0
612,0.0,0.0,525500.0,9356500.0
613,0.0,0.0,526000.0,9356500.0
614,0.0,0.0,526500.0,9356500.0
615,0.0,0.0,527000.0,9356500.0
616,0.0,0.0,527500.0,9356500.0
617,0.4526151609211777,0.0,528000.0,9356500.0
618,0.7232803447708109,0.0,528500.0,9356500.0
619,0.05618361341491838,0.0,529000.0,9356500.0
620,0.07310789792014132,0.0,529500.0,9356500.0
621,0.04119046009573166,0.0,530000.0,9356500.0
622,0.007518849975418864,0.0,530500.0,9356500.0
623,0.003072966351614759,0.0,531000.0,9356500.0
624,0.03494230687187292,0.0,531500.0,9356500.0
625,0.0025517605000337134,0.0,514000.0,9356000.0
626,0.0025517605000337134,0.0,514500.0,9356000.0
627,0.00495535203247469,0.0,515000.0,9356000.0
628,0.007902436363924115,0.0,515500.0,9356000.0
629,0.009017967580089402,0.0,516000.0,9356000.0
630,0.01970772991149367,0.0,516500.0,9356000.0
631,0.017575136276172666,0.0,517000.0,9356000.0
632,0.01791348907867415,0.0,517500.0,9356000.0
633,0.012150233578143797,0.0,518000.0,9356000.0
634,0.012150233578143797,0.0,518500.0,9356000.0
635,0.009600078252452645,0.0,519000.0,9356000.0
636,0.009600078252452645,0.0,519500.0,9356000.0
637,0.006270790708654697,0.0,520000.0,9356000.0
638,0.006143777017286667,0.0,520500.0,9356000.0
639,0.023265749983217367,0.0,521000.0,9356000.0
640,0.022156387065748646,0.0,521500.0,9356000.0
641,0.022819406366087164,0.0,522000.0,9356000.0
642,0.05056834231992938,0.0,522500.0,9356000.0
643,0.06666572340650087,0.0,523000.0,9356000.0
644,0.05310506737402129,0.0,523500.0,9356000.0
645,0.0,0.0,526000.0,9356000.0
646,0.0,0.0,526500.0,9356000.0
647,0.040197484422702656,0.0,527000.0,9356000.0
648,0.1606027845894198,0.0,528000.0,9356000.0
649,0.16161588360367826,0.0,528500.0,9356000.0
650,0.07407481793450488,0.0,529000.0,9356000.0
651,0.10679314828627655,0.0,529500.0,9356000.0
652,0.0125863879159313,0.0,530000.0,9356000.0
653,0.0008573762193822181,0.0,530500.0,9356000.0
654,0.034334890465509714,0.0,531000.0,9356000.0
655,0.0731649849438385,0.0,531500.0,9356000.0
656,0.004904354329353354,0.0,514000.0,9355500.0
657,0.004904354329353354,0.0,514500.0,9355500.0
658,0.006106150095573843,0.0,515000.0,9355500.0
659,0.010255030193243756,0.0,515500.0,9355500.0
660,0.010255030193243756,0.0,516000.0,9355500.0
661,0.018150086310498706,0.0,516500.0,9355500.0
662,0.016982562854192283,0.0,517000.0,9355500.0
663,0.017960431854843494,0.0,517500.0,9355500.0
664,0.012150233578143797,0.0,518000.0,9355500.0
665,0.009034946376153872,0.0,518500.0,9355500.0
666,0.009600078252452645,0.0,519000.0,9355500.0
667,0.009600078252452645,0.0,519500.0,9355500.0
668,0.006270790708654697,0.0,520000.0,9355500.0
669,0.005353679121312823,0.0,520500.0,9355500.0
670,0.022156387065748646,0.0,521000.0,9355500.0
671,0.022156387065748646,0.0,521500.0,9355500.0
672,0.024971027949705838,0.0,522000.0,9355500.0
673,0.0698606166045338,0.0,522500.0,9355500.0
674,0.08278046640089722,0.0,523000.0,9355500.0
675,0.1516265471577885,0.0,523500.0,9355500.0
676,0.0,0.0,526000.0,9355500.0
677,0.01335443840427067,0.0,526500.0,9355500.0
678,0.28776379382509504,0.0,527000.0,9355500.0
679,0.09347392977489162,0.0,527500.0,9355500.0
680,0.00046313423398377834,0.0,528000.0,9355500.0
681,0.0010130990142584637,0.0,528500.0,9355500.0
682,0.08651153281012094,0.0,529000.0,9355500.0
683,0.08277128394804761,0.0,529500.0,9355500.0
684,0.028480720105764266,0.0,530000.0,9355500.0
685,0.0003092558844878356,0.0,530500.0,9355500.0
686,0.002544544455011153,0.0,531000.0,9355500.0
687,0.006000410404640886,0.0,514000.0,9355000.0
688,0.004904354329353354,0.0,514500.0,9355000.0
689,0.021965616859858966,0.0,515000.0,9355000.0
690,0.0431757594880345,0.0,515500.0,9355000.0
691,0.010255030193243756,0.0,516000.0,9355000.0
692,0.020441914441323813,0.0,516500.0,9355000.0
693,0.013867275652202356,0.0,517000.0,9355000.0
694,0.01484514465285357,0.0,517500.0,9355000.0
695,0.009034946376153872,0.0,518000.0,9355000.0
696,0.009034946376153872,0.0,518500.0,9355000.0
697,0.009600078252452645,0.0,519000.0,9355000.0
698,0.009600078252452645,0.0,519500.0,9355000.0
699,0.005480692812680852,0.0,520000.0,9355000.0
700,0.005353679121312823,0.0,520500.0,9355000.0
701,0.022156387065748646,0.0,521000.0,9355000.0
702,0.023612476612508173,0.0,521500.0,9355000.0
703,0.0036983555988744973,0.0,522000.0,9355000.0
704,0.0890237748855597,0.0,522500.0,9355000.0
705,0.09435955023305732,0.0,523000.0,9355000.0
706,0.1508854666954582,0.0,523500.0,9355000.0
707,0.00722675899884816,0.0,526000.0,9355000.0
708,0.01696781790369475,0.0,526500.0,9355000.0
709,0.31266384233195954,0.0,527000.0,9355000.0
710,0.28776379382509504,0.0,527500.0,9355000.0
711,0.0010130990142584637,0.0,528000.0,9355000.0
712,0.013169037112462654,0.0,528500.0,9355000.0
713,0.05025015386859805,0.0,529000.0,9355000.0
714,0.04268878395827965,0.0,529500.0,9355000.0
715,0.015452196326659439,0.0,530000.0,9355000.0
716,0.002544544455011153,0.0,530500.0,9355000.0
717,0.004255697841056495,0.0,531000.0,9355000.0
718,0.007066183934959966,0.0,514000.0,9354500.0
719,0.004874071784384902,0.0,514500.0,9354500.0
720,0.07071553037396638,0.0,515000.0,9354500.0
721,0.07606620623785679,0.0,515500.0,9354500.0
722,0.012786660134918955,0.0,516000.0,9354500.0
723,0.0204723975948499,0.0,516500.0,9354500.0
724,0.013836993107233906,0.0,517000.0,9354500.0
725,0.00949650364001521,0.0,517500.0,9354500.0
726,0.00900765481059627,0.0,518000.0,9354500.0
727,0.00900765481059627,0.0,518500.0,9354500.0
728,0.009572786686895042,0.0,519000.0,9354500.0
729,0.010823937918915841,0.0,519500.0,9354500.0
730,0.007419642685697036,0.0,520000.0,9354500.0
731,0.007392639246890147,0.0,520500.0,9354500.0
732,0.01888530728774829,0.0,521000.0,9354500.0
733,0.014421194786554738,0.0,521500.0,9354500.0
734,0.0036710640333168934,0.0,522000.0,9354500.0
735,0.08847380095416793,0.0,522500.0,9354500.0
736,0.09578147034454838,0.0,523000.0,9354500.0
737,0.027807956401966996,0.0,526500.0,9354500.0
738,0.2064074956544932,0.0,527000.0,9354500.0
739,0.09347392977489162,0.0,527500.0,9354500.0
740,0.0010130990142584637,0.0,528000.0,9354500.0
741,0.016315750189077303,0.0,528500.0,9354500.0
742,0.05159896981185893,0.0,529000.0,9354500.0
743,0.02980238035291825,0.0,529500.0,9354500.0
744,0.009158770173430144,0.0,530000.0,9354500.0
745,0.002544544455011153,0.0,530500.0,9354500.0
746,0.004591131360872712,0.0,531000.0,9354500.0
747,0.007069174914370815,0.0,514000.0,9354000.0
748,0.07071852135337724,0.0,514500.0,9354000.0
749,0.07071852135337724,0.0,515000.0,9354000.0
750,0.07459565505154293,0.0,515500.0,9354000.0
751,0.010227738627686153,0.0,516000.0,9354000.0
752,0.020475388574260744,0.0,516500.0,9354000.0
753,0.00871615911335746,0.0,517000.0,9354000.0
754,0.003730100118466961,0.0,517500.0,9354000.0
755,0.003730100118466961,0.0,518000.0,9354000.0
756,0.008117546662061286,0.0,518500.0,9354000.0
757,0.010748930229494986,0.0,519000.0,9354000.0
758,0.010012159146632631,0.0,519500.0,9354000.0
759,0.007419642685697036,0.0,520000.0,9354000.0
760,0.002955187577015253,0.0,520500.0,9354000.0
761,0.002955187577015253,0.0,521000.0,9354000.0
762,0.0038011149793993806,0.0,521500.0,9354000.0
763,0.0036710640333168934,0.0,522000.0,9354000.0
764,0.030735121923654036,0.0,522500.0,9354000.0
765,0.05793800223766985,0.0,523000.0,9354000.0
766,0.02929653944189158,0.0,526500.0,9354000.0
767,0.10163973201695153,0.0,527000.0,9354000.0
768,0.028192495209335484,0.0,527500.0,9354000.0
769,0.010725002786126406,0.0,528000.0,9354000.0
770,0.04015697055197863,0.0,528500.0,9354000.0
771,0.04316810422572713,0.0,529000.0,9354000.0
772,0.01784416157200996,0.0,529500.0,9354000.0
773,0.0008032395338393012,0.0,530000.0,9354000.0
774,0.004398898901123149,0.0,530500.0,9354000.0
775,0.006839113715727189,0.0,514000.0,9353500.0
776,0.054028095507338246,0.0,514500.0,9353500.0
777,0.07078619780875894,0.0,515000.0,9353500.0
778,0.07318978934119993,0.0,515500.0,9353500.0
779,0.010295415083067864,0.0,516000.0,9353500.0
780,0.00841619595721249,0.0,516500.0,9353500.0
781,0.0037815419924409417,0.0,517000.0,9353500.0
782,0.0038477817001292395,0.0,517500.0,9353500.0
783,0.0038477817001292395,0.0,518000.0,9353500.0
784,0.0038477817001292395,0.0,518500.0,9353500.0
785,0.003532080936113515,0.0,519000.0,9353500.0
786,0.003448237582142092,0.0,519500.0,9353500.0
787,0.0029171655427808994,0.0,520000.0,9353500.0
788,0.0028901621039740095,0.0,520500.0,9353500.0
789,0.0028901621039740095,0.0,521000.0,9353500.0
790,0.003736089506358137,0.0,521500.0,9353500.0
791,0.003151834084048705,0.0,522000.0,9353500.0
792,0.007318722252176781,0.0,522500.0,9353500.0
793,0.13645272326183364,0.0,523000.0,9353500.0
794,0.03924014171447967,0.0,523500.0,9353500.0
795,0.02929653944189158,0.0,526500.0,9353500.0
796,0.05906639400207059,0.0,527000.0,9353500.0
797,0.0008032395338393012,0.0,527500.0,9353500.0
798,0.04359365736321461,0.0,528000.0,9353500.0
799,0.059692446528969295,0.0,528500.0,9353500.0
800,0.05229624480364839,0.0,529000.0,9353500.0
801,0.01980952006653489,0.0,529500.0,9353500.0
802,0.0004450350400651042,0.0,530000.0,9353500.0
803,0.006637718266734271,0.0,530500.0,9353500.0
804,0.006456910503378666,0.0,514000.0,9353000.0
805,0.037185527647594335,0.0,514500.0,9353000.0
806,0.07040399459641042,0.0,515000.0,9353000.0
807,0.07280758612885141,0.0,515500.0,9353000.0
808,0.005495947496383849,0.0,516000.0,9353000.0
809,0.003910611498754719,0.0,516500.0,9353000.0
810,0.0003307230516539222,0.0,517000.0,9353000.0
811,0.0005184941563312893,0.0,517500.0,9353000.0
812,0.022362430947050177,0.0,518000.0,9353000.0
813,0.0007095957625055514,0.0,518500.0,9353000.0
814,0.00319969636086456,0.0,519000.0,9353000.0
815,0.0033409793299392534,0.0,519500.0,9353000.0
816,0.002852140069739656,0.0,520000.0,9353000.0
817,0.0028251366309327655,0.0,520500.0,9353000.0
818,0.0022149744865573658,0.0,521000.0,9353000.0
819,0.0036710640333168934,0.0,521500.0,9353000.0
820,0.02690060778067783,0.0,522000.0,9353000.0
821,0.1538476602907378,0.0,522500.0,9353000.0
822,0.10492677510178096,0.0,523000.0,9353000.0
823,0.07929023908169859,0.0,523500.0,9353000.0
824,0.02825509413008895,0.0,526500.0,9353000.0
825,0.048268760665349866,0.0,527000.0,9353000.0
826,0.04333903746989814,0.0,527500.0,9353000.0
827,0.0471055942225107,0.0,528000.0,9353000.0
828,0.04108829642470868,0.0,528500.0,9353000.0
829,0.03080827097229752,0.0,529000.0,9353000.0
830,0.011871952918877193,0.0,529500.0,9353000.0
831,0.005173213579479132,0.0,530000.0,9353000.0
832,0.004978288700050702,0.0,530500.0,9353000.0
833,0.004104316674059024,0.0,514000.0,9352500.0
834,0.0020610733504966275,0.0,514500.0,9352500.0
835,0.05159103611969541,0.0,515000.0,9352500.0
836,0.05831643966097342,0.0,515500.0,9352500.0
837,0.008935345718787305,0.0,516000.0,9352500.0
838,0.008935345718787305,0.0,516500.0,9352500.0
839,0.006531754186346327,0.0,517000.0,9352500.0
840,0.05040739887246147,0.0,517500.0,9352500.0
841,0.05040739887246147,0.0,518000.0,9352500.0
842,0.05040739887246147,0.0,518500.0,9352500.0
843,0.003619009723677492,0.0,519000.0,9352500.0
844,0.001083626032630064,0.0,519500.0,9352500.0
845,0.0007858883786047287,0.0,520000.0,9352500.0
846,0.0007588849397978383,0.0,520500.0,9352500.0
847,0.0031059321570181186,0.0,521000.0,9352500.0
848,0.015072188643396564,0.0,521500.0,9352500.0
849,0.050795150915497925,0.0,522000.0,9352500.0
850,0.12282052124782773,0.0,522500.0,9352500.0
851,0.07848028342895934,0.0,523000.0,9352500.0
852,0.11098869661561324,0.0,523500.0,9352500.0
853,0.017633405355506174,0.0,524000.0,9352500.0
854,0.06813525532839833,0.0,524500.0,9352500.0
855,0.07511156690812923,0.0,525000.0,9352500.0
856,0.07526114012290029,0.0,525500.0,9352500.0
857,0.13077893320579836,0.0,526000.0,9352500.0
858,0.07662626977015305,0.0,526500.0,9352500.0
859,0.021950914159225246,0.0,527000.0,9352500.0
860,0.04651221416909056,0.0,527500.0,9352500.0
861,0.025632346330430444,0.0,528000.0,9352500.0
862,0.018073073652483892,0.0,528500.0,9352500.0
863,0.01763849118105312,0.0,529000.0,9352500.0
864,0.008031684909638754,0.0,529500.0,9352500.0
865,0.006637718266734271,0.0,530000.0,9352500.0
866,0.004104316674059024,0.0,514000.0,9352000.0
867,0.0003307230516539222,0.0,514500.0,9352000.0
868,0.0034312386190001242,0.0,515000.0,9352000.0
869,0.008935345718787305,0.0,515500.0,9352000.0
870,0.008935345718787305,0.0,516000.0,9352000.0
871,0.007733549952566818,0.0,516500.0,9352000.0
872,0.006531754186346327,0.0,517000.0,9352000.0
873,0.05040739887246147,0.0,517500.0,9352000.0
874,0.05040739887246147,0.0,518000.0,9352000.0
875,0.05040739887246147,0.0,518500.0,9352000.0
876,0.003619009723677492,0.0,519000.0,9352000.0
877,0.0003696253293186216,0.0,519500.0,9352000.0
878,0.00022075650230595406,0.0,520000.0,9352000.0
879,0.0001937530634990637,0.0,520500.0,9352000.0
880,0.015076675112512835,0.0,521000.0,9352000.0
881,0.05098292202017529,0.0,521500.0,9352000.0
882,0.0684285562710041,0.0,522000.0,9352000.0
883,0.06867000872300098,0.0,522500.0,9352000.0
884,0.03266211754965832,0.0,523000.0,9352000.0
885,0.0,0.0,523500.0,9352000.0
886,0.0,0.0,524000.0,9352000.0
887,0.02774746016927038,0.0,524500.0,9352000.0
888,0.0534597991784461,0.0,525000.0,9352000.0
889,0.05894752771825243,0.0,525500.0,9352000.0
890,0.1126527721862659,0.0,526000.0,9352000.0
891,0.01646318561941893,0.0,526500.0,9352000.0
892,0.000614169526842517,0.0,527000.0,9352000.0
893,0.007443592679430498,0.0,527500.0,9352000.0
894,0.1395567727675737,0.0,528000.0,9352000.0
895,0.04090909092034521,0.0,528500.0,9352000.0
896,0.004671914274139241,0.0,529000.0,9352000.0
897,0.004393514061765418,0.0,529500.0,9352000.0
898,0.006442793387305843,0.0,530000.0,9352000.0
899,0.002261417948229087,0.0,514000.0,9351500.0
900,0.0003307230516539222,0.0,514500.0,9351500.0
901,0.007733549952566818,0.0,515000.0,9351500.0
902,0.008935345718787305,0.0,515500.0,9351500.0
903,0.008935345718787305,0.0,516000.0,9351500.0
904,0.007132652069456571,0.0,516500.0,9351500.0
905,0.006531754186346327,0.0,517000.0,9351500.0
906,0.05040739887246147,0.0,517500.0,9351500.0
907,0.05040739887246147,0.0,518000.0,9351500.0
908,0.05040739887246147,0.0,518500.0,9351500.0
909,0.0067195252910236935,0.0,519000.0,9351500.0
910,0.00022075650230595406,0.0,519500.0,9351500.0
911,0.00020725478290250889,0.0,520000.0,9351500.0
912,0.0001937530634990637,0.0,520500.0,9351500.0
913,0.01507069315369114,0.0,521000.0,9351500.0
914,0.05098292202017529,0.0,521500.0,9351500.0
915,0.09051793975270324,0.0,522000.0,9351500.0
916,0.06792892826067067,0.0,522500.0,9351500.0
917,0.05159786948584151,0.0,523000.0,9351500.0
918,0.0,0.0,523500.0,9351500.0
919,0.015358005149346664,0.0,524000.0,9351500.0
920,0.06143202059738666,0.0,524500.0,9351500.0
921,0.0794336989110683,0.0,525000.0,9351500.0
922,0.03971684945553415,0.0,525500.0,9351500.0
923,0.0006267656532976134,0.0,526000.0,9351500.0
924,0.0003819298399747018,0.0,526500.0,9351500.0
925,0.13190781167282944,0.0,527000.0,9351500.0
926,0.13132303703454418,0.0,527500.0,9351500.0
927,0.13132303703454418,0.0,528000.0,9351500.0
928,0.004992819985541162,0.0,528500.0,9351500.0
929,0.004992819985541162,0.0,529000.0,9351500.0
930,0.0022977383482545234,0.0,514000.0,9351000.0
931,0.0003307230516539222,0.0,514500.0,9351000.0
932,0.007733549952566818,0.0,515000.0,9351000.0
933,0.008935345718787305,0.0,515500.0,9351000.0
934,0.008935345718787305,0.0,516000.0,9351000.0
935,0.006531754186346327,0.0,516500.0,9351000.0
936,0.006531754186346327,0.0,517000.0,9351000.0
937,0.05040739887246147,0.0,517500.0,9351000.0
938,0.05040739887246147,0.0,518000.0,9351000.0
939,0.05040739887246147,0.0,518500.0,9351000.0
940,0.003619009723677492,0.0,519000.0,9351000.0
941,0.00022075650230595406,0.0,519500.0,9351000.0
942,0.00020725478290250889,0.0,520000.0,9351000.0
943,0.0001937530634990637,0.0,520500.0,9351000.0
944,0.003099950198196422,0.0,521000.0,9351000.0
945,0.0029591218696883967,0.0,521500.0,9351000.0
946,0.09942454960244813,0.0,522000.0,9351000.0
947,0.03266211754965832,0.0,522500.0,9351000.0
948,0.01633105877482916,0.0,523000.0,9351000.0
949,0.12222568267674894,0.0,523500.0,9351000.0
950,0.0719200460754021,0.0,524000.0,9351000.0
951,0.08564129353962993,0.0,524500.0,9351000.0
952,0.03407234719577178,0.0,525000.0,9351000.0
953,0.001094014424918221,0.0,525500.0,9351000.0
954,0.013200837677541965,0.0,526000.0,9351000.0
955,0.024782581305768468,0.0,526500.0,9351000.0
956,0.09376252534414684,0.0,527000.0,9351000.0
957,0.003513350400534697,0.0,527500.0,9351000.0
958,0.0015509246793588925,0.0,528000.0,9351000.0
959,0.0038067320068746816,0.0,514000.0,9350500.0
960,0.0023115167209560514,0.0,514500.0,9350500.0
961,0.009615408134591049,0.0,515000.0,9350500.0
962,0.008935345718787305,0.0,515500.0,9350500.0
963,0.008935345718787305,0.0,516000.0,9350500.0
964,0.006531754186346327,0.0,516500.0,9350500.0
965,0.006531754186346327,0.0,517000.0,9350500.0
966,0.039485430477102026,0.0,517500.0,9350500.0
967,0.05040739887246147,0.0,518000.0,9350500.0
968,0.053211537009732926,0.0,518500.0,9350500.0
969,0.0033226322936027435,0.0,519000.0,9350500.0
970,0.00022075650230595406,0.0,519500.0,9350500.0
971,0.0001937530634990637,0.0,520000.0,9350500.0
972,0.00018926659438279117,0.0,520500.0,9350500.0
973,0.0015030323229288693,0.0,521000.0,9350500.0
974,0.002912179093519055,0.0,521500.0,9350500.0
975,0.018745026049001644,0.0,522000.0,9350500.0
976,0.17131305077011916,0.0,522500.0,9350500.0
977,0.10338412250944848,0.0,523000.0,9350500.0
978,0.12333730337024439,0.0,523500.0,9350500.0
979,0.0,0.0,524000.0,9350500.0
980,0.13842798278182683,0.0,524500.0,9350500.0
981,0.06892439390925727,0.0,525000.0,9350500.0
982,0.0860775977282813,0.0,525500.0,9350500.0
983,0.05268866325321477,0.0,526000.0,9350500.0
984,0.05442368717052207,0.0,526500.0,9350500.0
985,0.0536975438720526,0.0,527000.0,9350500.0
986,0.004079301440690775,0.0,514000.0,9350000.0
987,0.0029832453654032435,0.0,514500.0,9350000.0
988,0.010419171157198221,0.0,515000.0,9350000.0
989,0.010326395702095651,0.0,515500.0,9350000.0
990,0.010295470550394795,0.0,516000.0,9350000.0
991,0.007733549952566818,0.0,516500.0,9350000.0
992,0.006531754186346327,0.0,517000.0,9350000.0
993,0.0067195252910236935,0.0,517500.0,9350000.0
994,0.009523663428295148,0.0,518000.0,9350000.0
995,0.009523663428295148,0.0,518500.0,9350000.0
996,0.020486137945191003,0.0,519000.0,9350000.0
997,0.016009175498528105,0.0,519500.0,9350000.0
998,0.0001937530634990637,0.0,520000.0,9350000.0
999,0.00018777110467736702,0.0,520500.0,9350000.0
1000,0.0003428076960580473,0.0,521000.0,9350000.0
1001,0.0,0.0,521500.0,9350000.0
1002,0.0,0.0,522000.0,9350000.0
1003,0.03526681071101235,0.0,522500.0,9350000.0
1004,0.0705336214220247,0.0,523000.0,9350000.0
1005,0.017633405355506174,0.0,523500.0,9350000.0
1006,0.06814469439154355,0.0,524000.0,9350000.0
1007,0.06892439390925727,0.0,524500.0,9350000.0
1008,0.31376616435273713,0.0,525000.0,9350000.0
1009,0.0012146311397462834,0.0,525500.0,9350000.0
1010,0.004657431325736142,0.0,514000.0,9349500.0
1011,0.003506894650410456,0.0,514500.0,9349500.0
1012,0.004796269907551183,0.0,515000.0,9349500.0
1013,0.004809771626954628,0.0,515500.0,9349500.0
1014,0.004809771626954628,0.0,516000.0,9349500.0
1015,0.0010151301112053038,0.0,516500.0,9349500.0
1016,0.0009358563755061799,0.0,517000.0,9349500.0
1017,0.0018246620145014106,0.0,517500.0,9349500.0
1018,0.02446496022875609,0.0,518000.0,9349500.0
1019,0.048017932920605126,0.0,518500.0,9349500.0
1020,0.040874463729479435,0.0,519000.0,9349500.0
1021,0.04311136347113391,0.0,519500.0,9349500.0
1022,0.0007049736281752861,0.0,520000.0,9349500.0
1023,0.0007325581682854364,0.0,520500.0,9349500.0
1024,0.0006856153921160946,0.0,521000.0,9349500.0
1025,0.0005142115440870708,0.0,521500.0,9349500.0
1026,0.0,0.0,522000.0,9349500.0
1027,0.0,0.0,522500.0,9349500.0
1028,0.0,0.0,523000.0,9349500.0
1029,0.0,0.0,523500.0,9349500.0
1030,0.06814469439154355,0.0,524000.0,9349500.0
1031,0.21612786043676568,0.0,524500.0,9349500.0
1032,0.012293828213170018,0.0,525000.0,9349500.0
1033,0.004606534231410717,0.0,514000.0,9349000.0
1034,0.004533893431359844,0.0,514500.0,9349000.0
1035,0.004745372813225758,0.0,515000.0,9349000.0
1036,0.004498532253525847,0.0,515500.0,9349000.0
1037,0.004714089168739566,0.0,516000.0,9349000.0
1038,0.0009503728046910984,0.0,516500.0,9349000.0
1039,0.0009503728046910984,0.0,517000.0,9349000.0
1040,0.0011381439093684654,0.0,517500.0,9349000.0
1041,0.04832925030332602,0.0,518000.0,9349000.0
1042,0.04829832515162517,0.0,518500.0,9349000.0
1043,0.047693191827772916,0.0,519000.0,9349000.0
1044,0.064379889282245,0.0,519500.0,9349000.0
1045,0.024729296169944747,0.0,520000.0,9349000.0
1046,0.0006856153921160946,0.0,520500.0,9349000.0
1047,0.04144427006030128,0.0,521000.0,9349000.0
1048,0.020465029258107108,0.0,521500.0,9349000.0
1049,0.035840101333046125,0.0,522000.0,9349000.0
1050,0.0,0.0,522500.0,9349000.0
1051,0.0,0.0,523000.0,9349000.0
1052,0.0,0.0,523500.0,9349000.0
1053,0.0,0.0,524000.0,9349000.0
1054,0.22103381353485352,0.0,524500.0,9349000.0
1055,0.004533893431359844,0.0,514000.0,9348500.0
1056,0.004533893431359844,0.0,514500.0,9348500.0
1057,0.005411683133121215,0.0,515000.0,9348500.0
1058,0.0065091072834441085,0.0,515500.0,9348500.0
1059,0.004836455435751322,0.0,516000.0,9348500.0
1060,0.001165929719904817,0.0,516500.0,9348500.0
1061,0.001165929719904817,0.0,517000.0,9348500.0
1062,0.001353700824582184,0.0,517500.0,9348500.0
1063,0.04885313958885603,0.0,518000.0,9348500.0
1064,0.04829832515162517,0.0,518500.0,9348500.0
1065,0.04814947525121418,0.0,519000.0,9348500.0
1066,0.05616555972102248,0.0,519500.0,9348500.0
1067,0.0007795009444547781,0.0,520000.0,9348500.0
1068,0.041615673908330306,0.0,520500.0,9348500.0
1069,0.020465029258107108,0.0,521000.0,9348500.0
1070,0.07168020266609225,0.0,522000.0,9348500.0
1071,0.07168020266609225,0.0,522500.0,9348500.0
1072,0.0,0.0,523000.0,9348500.0
1073,0.0013048780453233705,0.0,523500.0,9348500.0
1074,0.0,0.0,524000.0,9348500.0
1075,0.19650993068406522,0.0,524500.0,9348500.0
1076,0.0072976821055753165,0.0,514000.0,9348000.0
1077,0.007582096807465131,0.0,514500.0,9348000.0
1078,0.008009133104544762,0.0,515000.0,9348000.0
1079,0.006821634299529406,0.0,515500.0,9348000.0
1080,0.005279807325407045,0.0,516000.0,9348000.0
1081,0.004078011559186557,0.0,516500.0,9348000.0
1082,0.0040163014192615785,0.0,517000.0,9348000.0
1083,0.009532053001473462,0.0,517500.0,9348000.0
1084,0.046049001451584574,0.0,518000.0,9348000.0
1085,0.045879372690576,0.0,518500.0,9348000.0
1086,0.04695905106473939,0.0,519000.0,9348000.0
1087,0.04750937248172201,0.0,519500.0,9348000.0
1088,0.010918130021169647,0.0,520000.0,9348000.0
1089,0.010918130021169647,0.0,520500.0,9348000.0
1090,0.07168020266609225,0.0,522500.0,9348000.0
1091,0.002609756090646741,0.0,523000.0,9348000.0
1092,0.002609756090646741,0.0,523500.0,9348000.0
1093,0.025892534471663405,0.0,524000.0,9348000.0
1094,0.12281073498059679,0.0,524500.0,9348000.0
1095,0.006203509849911205,0.0,514000.0,9347500.0
1096,0.007405305616131694,0.0,514500.0,9347500.0
1097,0.006846103062204554,0.0,515000.0,9347500.0
1098,0.006846103062204554,0.0,515500.0,9347500.0
1099,0.004442511529763578,0.0,516000.0,9347500.0
1100,0.004442511529763578,0.0,516500.0,9347500.0
1101,0.004107701167144103,0.0,517000.0,9347500.0
1102,0.0027453909193956415,0.0,517500.0,9347500.0
1103,0.03269531690213141,0.0,518000.0,9347500.0
1104,0.0461320991652442,0.0,518500.0,9347500.0
1105,0.02249837838711197,0.0,519000.0,9347500.0
1106,0.0019581927964000254,0.0,519500.0,9347500.0
1107,0.041615673908330306,0.0,520000.0,9347500.0
1108,0.07168020266609225,0.0,522500.0,9347500.0
1109,0.0,0.0,523000.0,9347500.0
1110,0.0013048780453233705,0.0,523500.0,9347500.0
1111,0.012293828213170018,0.0,524000.0,9347500.0
1112,0.006203509849911205,0.0,514000.0,9347000.0
1113,0.00751104530706465,0.0,514500.0,9347000.0
1114,0.0065227676893839775,0.0,515000.0,9347000.0
1115,0.00624520517909431,0.0,515500.0,9347000.0
1116,0.004442511529763578,0.0,516000.0,9347000.0
1117,0.004442511529763578,0.0,516500.0,9347000.0
1118,0.0038921442519303843,0.0,517000.0,9347000.0
1119,0.0023142770889682043,0.0,517500.0,9347000.0
1120,0.02836458259757875,0.0,518000.0,9347000.0
1121,0.029237969094372207,0.0,518500.0,9347000.0
1122,0.015652646850011605,0.0,519000.0,9347000.0
1123,0.0019552018169891774,0.0,519500.0,9347000.0
1124,0.041615673908330306,0.0,520000.0,9347000.0
1125,0.0,0.0,522000.0,9347000.0
1126,0.0,0.0,522500.0,9347000.0
1127,0.0,0.0,523000.0,9347000.0
1128,0.0,0.0,523500.0,9347000.0
1129,0.009011773346567876,0.0,514000.0,9346500.0
1130,0.006819661195992811,0.0,514500.0,9346500.0
1131,0.006819661195992811,0.0,515000.0,9346500.0
1132,0.004213733681443988,0.0,515500.0,9346500.0
1133,0.004011397699336142,0.0,516000.0,9346500.0
1134,0.004011397699336142,0.0,516500.0,9346500.0
1135,0.0036765873367166657,0.0,517000.0,9346500.0
1136,0.0023142770889682043,0.0,517500.0,9346500.0
1137,0.02836458259757875,0.0,518000.0,9346500.0
1138,0.029050197989694843,0.0,518500.0,9346500.0
1139,0.015652646850011605,0.0,519000.0,9346500.0
1140,0.0019581927964000254,0.0,519500.0,9346500.0
1141,0.041615673908330306,0.0,520000.0,9346500.0
1142,0.0,0.0,522000.0,9346500.0
1143,0.005780149235657307,0.0,522500.0,9346500.0
1144,0.0014450373089143268,0.0,523000.0,9346500.0
1145,0.0,0.0,523500.0,9346500.0
1146,0.007367689233636577,0.0,514000.0,9346000.0
1147,0.006819661195992811,0.0,514500.0,9346000.0
1148,0.004416069663551835,0.0,515000.0,9346000.0
1149,0.004416069663551835,0.0,515500.0,9346000.0
1150,0.004416069663551835,0.0,516000.0,9346000.0
1151,0.004416069663551835,0.0,516500.0,9346000.0
1152,0.0036765873367166657,0.0,517000.0,9346000.0
1153,0.002329121892946978,0.0,517500.0,9346000.0
1154,0.02836458259757875,0.0,518000.0,9346000.0
1155,0.029050197989694843,0.0,518500.0,9346000.0
1156,0.015588296025184195,0.0,519000.0,9346000.0
1157,0.001773412671133507,0.0,519500.0,9346000.0
1158,0.021150644650223198,0.0,520000.0,9346000.0
1159,0.005780149235657307,0.0,522500.0,9346000.0
1160,0.004416069663551835,0.0,514000.0,9345500.0
1161,0.004416069663551835,0.0,514500.0,9345500.0
1162,0.0049665518886625026,0.0,515000.0,9345500.0
1163,0.0049665518886625026,0.0,515500.0,9345500.0
1164,0.0049665518886625026,0.0,516000.0,9345500.0
1165,0.0049665518886625026,0.0,516500.0,9345500.0
1166,0.004227069561827335,0.0,517000.0,9345500.0
1167,0.0015544058802561182,0.0,517500.0,9345500.0
1168,0.022069333285589052,0.0,518000.0,9345500.0
1169,0.01577501297119395,0.0,518500.0,9345500.0
1170,0.002020253230833417,0.0,519000.0,9345500.0
1171,0.001773412671133507,0.0,519500.0,9345500.0
1172,0.0014969768822628816,0.0,520000.0,9345500.0
1173,0.005780149235657307,0.0,522500.0,9345500.0
1174,0.004416069663551835,0.0,514000.0,9345000.0
1175,0.0049665518886625026,0.0,514500.0,9345000.0
1176,0.0049665518886625026,0.0,515000.0,9345000.0
1177,0.0049665518886625026,0.0,515500.0,9345000.0
1178,0.0049665518886625026,0.0,516000.0,9345000.0
1179,0.0049665518886625026,0.0,516500.0,9345000.0
1180,0.00289444892203642,0.0,517000.0,9345000.0
1181,0.0015618282822455049,0.0,517500.0,9345000.0
1182,0.0015321386742879583,0.0,518000.0,9345000.0
1183,0.0022921534236404377,0.0,518500.0,9345000.0
1184,0.0024331148996664183,0.0,519000.0,9345000.0
1185,0.001773412671133507,0.0,519500.0,9345000.0
1186,0.0017674307123118102,0.0,520000.0,9345000.0
1187,0.4397828013580213,0.0,520500.0,9345000.0
1188,0.005780149235657307,0.0,522500.0,9345000.0
1189,0.0033586901363162544,0.0,514000.0,9344500.0
1190,0.0049665518886625026,0.0,514500.0,9344500.0
1191,0.0049665518886625026,0.0,515000.0,9344500.0
1192,0.0049665518886625026,0.0,515500.0,9344500.0
1193,0.0036339312488715887,0.0,516000.0,9344500.0
1194,0.002301310609080674,0.0,516500.0,9344500.0
1195,0.0015618282822455049,0.0,517000.0,9344500.0
1196,0.0015618282822455049,0.0,517500.0,9344500.0
1197,0.0015321386742879583,0.0,518000.0,9344500.0
1198,0.002562607253689366,0.0,518500.0,9344500.0
1199,0.002020253230833417,0.0,519000.0,9344500.0
1200,0.001773412671133507,0.0,519500.0,9344500.0
1201,0.0017674307123118102,0.0,520000.0,9344500.0
1202,0.8127892022239652,0.0,520500.0,9344500.0
1203,0.0020260694965253396,0.0,514000.0,9344000.0
1204,0.002301310609080674,0.0,514500.0,9344000.0
1205,0.002301310609080674,0.0,515000.0,9344000.0
1206,0.002301310609080674,0.0,515500.0,9344000.0
1207,0.002301310609080674,0.0,516000.0,9344000.0
1208,0.002301310609080674,0.0,516500.0,9344000.0
1209,0.0025149376659930954,0.0,517000.0,9344000.0
1210,0.0015618282822455049,0.0,517500.0,9344000.0
1211,0.0015291476948771099,0.0,518000.0,9344000.0
1212,0.0028300701043274474,0.0,518500.0,9344000.0
1213,0.0020157667617171442,0.0,519000.0,9344000.0
1214,0.0017674307123118102,0.0,519500.0,9344000.0
1215,0.0009560692221650235,0.0,520000.0,9344000.0
1216,0.7921527691178292,0.0,520500.0,9344000.0
1217,0.0027739799465862016,0.0,514000.0,9343500.0
1218,0.0032505346384599965,0.0,514500.0,9343500.0
1219,0.003251582940686711,0.0,515000.0,9343500.0
1220,0.0032526312429134252,0.0,515500.0,9343500.0
1221,0.0037291859347872197,0.0,516000.0,9343500.0
1222,0.004038335445351277,0.0,516500.0,9343500.0
1223,0.015952306483982746,0.0,517000.0,9343500.0
1224,0.026532135900644474,0.0,517500.0,9343500.0
1225,0.026502446292686926,0.0,518000.0,9343500.0
1226,0.008799055313346574,0.0,518500.0,9343500.0
1227,0.001771623921218668,0.0,519000.0,9343500.0
1228,0.000960262431071881,0.0,519500.0,9343500.0
1229,0.0053813127177559945,0.0,520000.0,9343500.0
1230,0.00393049951410568,0.0,514000.0,9343000.0
1231,0.004205740626661015,0.0,514500.0,9343000.0
1232,0.004205740626661015,0.0,515000.0,9343000.0
1233,0.004205740626661015,0.0,515500.0,9343000.0
1234,0.004205740626661015,0.0,516000.0,9343000.0
1235,0.004038335445351277,0.0,516500.0,9343000.0
1236,0.015952306483982746,0.0,517000.0,9343000.0
1237,0.026532135900644474,0.0,517500.0,9343000.0
1238,0.026502446292686926,0.0,518000.0,9343000.0
1239,0.027252886477026592,0.0,518500.0,9343000.0
1240,0.001771623921218668,0.0,519000.0,9343000.0
1241,0.0006887602987962377,0.0,519500.0,9343000.0
1242,0.5932406092410125,0.0,520000.0,9343000.0
1243,0.0037928789578280135,0.0,514000.0,9342500.0
1244,0.004205740626661015,0.0,514500.0,9342500.0
1245,0.004205740626661015,0.0,515000.0,9342500.0
1246,0.004205740626661015,0.0,515500.0,9342500.0
1247,0.004205740626661015,0.0,516000.0,9342500.0
1248,0.004038335445351277,0.0,516500.0,9342500.0
1249,0.015952306483982746,0.0,517000.0,9342500.0
1250,0.026532135900644474,0.0,517500.0,9342500.0
1251,0.026502446292686926,0.0,518000.0,9342500.0
1252,0.02740470730973197,0.0,518500.0,9342500.0
1253,0.001771623921218668,0.0,519000.0,9342500.0
1254,0.0006856153921160946,0.0,519500.0,9342500.0
1255,0.19976917911696157,0.0,520000.0,9342500.0
1256,0.003050125077698089,0.0,514000.0,9342000.0
1257,0.003903173964734886,0.0,514500.0,9342000.0
1258,0.003903173964734886,0.0,515000.0,9342000.0
1259,0.004205740626661015,0.0,515500.0,9342000.0
1260,0.004205740626661015,0.0,516000.0,9342000.0
1261,0.004038335445351277,0.0,516500.0,9342000.0
1262,0.003466258299825846,0.0,517000.0,9342000.0
1263,0.026532135900644474,0.0,517500.0,9342000.0
1264,0.026981503649383072,0.0,518000.0,9342000.0
1265,0.027253961480511225,0.0,518500.0,9342000.0
1266,0.014257672105375568,0.0,519000.0,9342000.0
1267,0.0006856153921160946,0.0,519500.0,9342000.0
1268,0.0026906563588779972,0.0,520000.0,9342000.0
1269,0.003050125077698089,0.0,514000.0,9341500.0
1270,0.0036006073028087573,0.0,514500.0,9341500.0
1271,0.0036006073028087573,0.0,515000.0,9341500.0
1272,0.0036006073028087573,0.0,515500.0,9341500.0
1273,0.0036006073028087573,0.0,516000.0,9341500.0
1274,0.00343320212149902,0.0,516500.0,9341500.0
1275,0.002861124975973588,0.0,517000.0,9341500.0
1276,0.025927002576792216,0.0,517500.0,9341500.0
1277,0.026855427682226957,0.0,518000.0,9341500.0
1278,0.026951394818585092,0.0,518500.0,9341500.0
1279,0.02674372028953247,0.0,519000.0,9341500.0
1280,0.0006856153921160946,0.0,519500.0,9341500.0
1281,0.0053813127177559945,0.0,520000.0,9341500.0
1282,0.003050125077698089,0.0,514000.0,9341000.0
1283,0.003050125077698089,0.0,514500.0,9341000.0
1284,0.0036006073028087573,0.0,515000.0,9341000.0
1285,0.0036006073028087573,0.0,515500.0,9341000.0
1286,0.0036006073028087573,0.0,516000.0,9341000.0
1287,0.00343320212149902,0.0,516500.0,9341000.0
1288,0.002861124975973588,0.0,517000.0,9341000.0
1289,0.025927002576792216,0.0,517500.0,9341000.0
1290,0.026870272486205726,0.0,518000.0,9341000.0
1291,0.026785373709452002,0.0,518500.0,9341000.0
1292,0.02674372028953247,0.0,519000.0,9341000.0
1293,0.0006856153921160946,0.0,519500.0,9341000.0
1294,0.003033464054936045,0.0,520000.0,9341000.0
1295,0.0029267047978481335,0.0,514000.0,9340500.0
1296,0.003050125077698089,0.0,514500.0,9340500.0
1297,0.003050125077698089,0.0,515000.0,9340500.0
1298,0.003050125077698089,0.0,515500.0,9340500.0
1299,0.003050125077698089,0.0,516000.0,9340500.0
1300,0.0026803839142805043,0.0,516500.0,9340500.0
1301,0.0023106427508629195,0.0,517000.0,9340500.0
1302,0.02618788184182833,0.0,517500.0,9340500.0
1303,0.02631979026109506,0.0,518000.0,9340500.0
1304,0.026304945457116286,0.0,518500.0,9340500.0
1305,0.0262295087454454,0.0,519000.0,9340500.0
1306,0.0006856153921160946,0.0,519500.0,9340500.0
1307,0.0006856153921160946,0.0,520000.0,9340500.0
1308,0.002600948535890332,0.0,514000.0,9340000.0
1309,0.0028032845179981787,0.0,514500.0,9340000.0
1310,0.0028032845179981787,0.0,515000.0,9340000.0
1311,0.0028032845179981787,0.0,515500.0,9340000.0
1312,0.0028032845179981787,0.0,516000.0,9340000.0
1313,0.0022312073724727473,0.0,516500.0,9340000.0
1314,0.0011106928074154198,0.0,517000.0,9340000.0
1315,0.001301108883788523,0.0,517500.0,9340000.0
1316,0.02619636998124511,0.0,518000.0,9340000.0
1317,0.026304945457116286,0.0,518500.0,9340000.0
1318,0.029159052687351687,0.0,519000.0,9340000.0
1319,0.0015196188250051678,0.0,519500.0,9340000.0
1320,0.0006856153921160946,0.0,520000.0,9340000.0
1321,0.0004923937862873054,0.0,514000.0,9339500.0
1322,0.002398612553782485,0.0,514500.0,9339500.0
1323,0.002398612553782485,0.0,515000.0,9339500.0
1324,0.002398612553782485,0.0,515500.0,9339500.0
1325,0.002398612553782485,0.0,516000.0,9339500.0
1326,0.0022312073724727473,0.0,516500.0,9339500.0
1327,0.0001575834236678299,0.0,517000.0,9339500.0
1328,0.0011156981370601202,0.0,517500.0,9339500.0
1329,0.0011008533330813467,0.0,518000.0,9339500.0
1330,0.002605627354107741,0.0,518500.0,9339500.0
1331,0.0041252461791129085,0.0,519000.0,9339500.0
1332,0.0007598094125025839,0.0,519500.0,9339500.0
1333,0.0,0.0,520000.0,9339500.0
1334,0.0001575834236678299,0.0,514000.0,9339000.0
1335,0.0004923937862873054,0.0,514500.0,9339000.0
1336,0.0004923937862873054,0.0,515000.0,9339000.0
1337,0.0004923937862873054,0.0,515500.0,9339000.0
1338,0.0004923937862873054,0.0,516000.0,9339000.0
1339,0.0003249886049775676,0.0,516500.0,9339000.0
1340,3.38828168644043e-05,0.0,517000.0,9339000.0
1341,0.0011156981370601202,0.0,517500.0,9339000.0
1342,0.0011008533330813467,0.0,518000.0,9339000.0
1343,0.0041252461791129085,0.0,518500.0,9339000.0
1344,0.0041252461791129085,0.0,519000.0,9339000.0
1345,0.0015196188250051678,0.0,519500.0,9339000.0
1346,0.0,0.0,520000.0,9339000.0
1347,3.38828168644043e-05,0.0,514000.0,9338500.0
1348,3.38828168644043e-05,0.0,514500.0,9338500.0
1349,3.38828168644043e-05,0.0,515000.0,9338500.0
1350,3.38828168644043e-05,0.0,515500.0,9338500.0
1351,0.00020043927517075596,0.0,516000.0,9338500.0
1352,0.00020043927517075598,0.0,516500.0,9338500.0
1353,0.00020043927517075598,0.0,517000.0,9338500.0
1354,0.0011156981370601202,0.0,517500.0,9338500.0
1355,0.0011008533330813467,0.0,518000.0,9338500.0
1356,0.0041252461791129085,0.0,518500.0,9338500.0
1357,0.0041252461791129085,0.0,519000.0,9338500.0
1358,0.0015196188250051678,0.0,519500.0,9338500.0
1359,0.0,0.0,520000.0,9338500.0
1360,3.38828168644043e-05,0.0,514000.0,9338000.0
1361,3.38828168644043e-05,0.0,514500.0,9338000.0
1362,3.38828168644043e-05,0.0,515000.0,9338000.0
1363,3.38828168644043e-05,0.0,515500.0,9338000.0
1364,0.00020043927517075596,0.0,516000.0,9338000.0
1365,0.0003669957334771076,0.0,516500.0,9338000.0
1366,0.0003669957334771076,0.0,517000.0,9338000.0
1367,0.0003669957334771076,0.0,517500.0,9338000.0
1368,0.0006226047595472633,0.0,518000.0,9338000.0
1369,0.0041252461791129085,0.0,518500.0,9338000.0
1370,0.0038547923490639797,0.0,519000.0,9338000.0
1371,0.0030392376500103357,0.0,519500.0,9338000.0
1372,0.0,0.0,520000.0,9338000.0
1373,4.19320890685756e-06,0.0,514000.0,9337500.0
1374,4.19320890685756e-06,0.0,514500.0,9337500.0
1375,4.19320890685756e-06,0.0,515000.0,9337500.0
1376,1.9038012885630933e-05,0.0,515500.0,9337500.0
1377,0.00020043927517075596,0.0,516000.0,9337500.0
1378,0.0003669957334771076,0.0,516500.0,9337500.0
1379,0.0003669957334771076,0.0,517000.0,9337500.0
1380,0.0003669957334771076,0.0,517500.0,9337500.0
1381,0.0003373061255195609,0.0,518000.0,9337500.0
1382,0.003043430858917193,0.0,518500.0,9337500.0
1383,0.0048684184837213176,0.0,519000.0,9337500.0
1384,0.0054746510875359295,0.0,519500.0,9337500.0
1385,0.0024333168330721655,0.0,520000.0,9337500.0
1386,4.19320890685756e-06,0.0,514000.0,9337000.0
1387,4.19320890685756e-06,0.0,514500.0,9337000.0
1388,4.19320890685756e-06,0.0,515000.0,9337000.0
1389,4.19320890685756e-06,0.0,515500.0,9337000.0
1390,0.0001707496672132092,0.0,516000.0,9337000.0
1391,0.0003373061255195609,0.0,516500.0,9337000.0
1392,0.0003373061255195609,0.0,517000.0,9337000.0
1393,0.0015539645420556438,0.0,517500.0,9337000.0
1394,0.0027706229585917268,0.0,518000.0,9337000.0
1395,0.005476747691989359,0.0,518500.0,9337000.0
1396,0.005476747691989359,0.0,519000.0,9337000.0
1397,0.018750205789933472,0.0,519500.0,9337000.0
1398,0.028980233028960394,0.0,520000.0,9337000.0
1399,0.0012166584165360828,0.0,520500.0,9337000.0
1400,4.19320890685756e-06,0.0,514000.0,9336500.0
1401,4.19320890685756e-06,0.0,514500.0,9336500.0
1402,4.19320890685756e-06,0.0,515000.0,9336500.0
1403,4.19320890685756e-06,0.0,515500.0,9336500.0
1404,4.19320890685756e-06,0.0,516000.0,9336500.0
1405,0.0003373061255195609,0.0,516500.0,9336500.0
1406,0.0003373061255195609,0.0,517000.0,9336500.0
1407,0.0027706229585917268,0.0,517500.0,9336500.0
1408,0.0027706229585917268,0.0,518000.0,9336500.0
1409,0.003957128866984191,0.0,518500.0,9336500.0
1410,0.005476747691989359,0.0,519000.0,9336500.0
1411,0.005476747691989359,0.0,519500.0,9336500.0
1412,0.05552714922484862,0.0,520000.0,9336500.0
1413,0.0024333168330721655,0.0,520500.0,9336500.0
1414,4.19320890685756e-06,0.0,514000.0,9336000.0
1415,4.19320890685756e-06,0.0,514500.0,9336000.0
1416,4.19320890685756e-06,0.0,515000.0,9336000.0
1417,4.19320890685756e-06,0.0,515500.0,9336000.0
1418,4.19320890685756e-06,0.0,516000.0,9336000.0
1419,0.0003373061255195609,0.0,516500.0,9336000.0
1420,0.0003373061255195609,0.0,517000.0,9336000.0
1421,0.0027706229585917268,0.0,517500.0,9336000.0
1422,0.0027706229585917268,0.0,518000.0,9336000.0
1423,0.003957128866984191,0.0,518500.0,9336000.0
1424,0.005476747691989359,0.0,519000.0,9336000.0
1425,0.005476747691989359,0.0,519500.0,9336000.0
1426,0.05553029413152876,0.0,520000.0,9336000.0
1427,0.05552714922484862,0.0,520500.0,9336000.0
1428,0.0011658070063339486,0.0,521000.0,9336000.0
1429,0.001872607537834325,0.0,514000.0,9335500.0
1430,0.001872607537834325,0.0,514500.0,9335500.0
1431,0.001872607537834325,0.0,515000.0,9335500.0
1432,0.001872607537834325,0.0,515500.0,9335500.0
1433,0.002205720454447028,0.0,516000.0,9335500.0
1434,0.0017386168722151615,0.0,516500.0,9335500.0
1435,0.0012715132899832945,0.0,517000.0,9335500.0
1436,0.00370483012305546,0.0,517500.0,9335500.0
1437,0.00370483012305546,0.0,518000.0,9335500.0
1438,0.003957128866984191,0.0,518500.0,9335500.0
1439,0.005476747691989359,0.0,519000.0,9335500.0
1440,0.005476747691989359,0.0,519500.0,9335500.0
1441,0.015710968139923134,0.0,520000.0,9335500.0
1442,0.05552714922484862,0.0,520500.0,9335500.0
1443,0.0035482724292039795,0.0,521000.0,9335500.0
1444,0.001872607537834325,0.0,514000.0,9335000.0
1445,0.001872607537834325,0.0,514500.0,9335000.0
1446,0.001872607537834325,0.0,515000.0,9335000.0
1447,0.002205720454447028,0.0,515500.0,9335000.0
1448,0.002205720454447028,0.0,516000.0,9335000.0
1449,0.002205720454447028,0.0,516500.0,9335000.0
1450,0.002205720454447028,0.0,517000.0,9335000.0
1451,0.004639037287519195,0.0,517500.0,9335000.0
1452,0.004639037287519195,0.0,518000.0,9335000.0
1453,0.003957128866984191,0.0,518500.0,9335000.0
1454,0.005476747691989359,0.0,519000.0,9335000.0
1455,0.005476747691989359,0.0,519500.0,9335000.0
1456,0.002437510041979023,0.0,520000.0,9335000.0
1457,0.028983377935640535,0.0,520500.0,9335000.0
1458,0.003599123839406114,0.0,521000.0,9335000.0
1459,0.001872607537834325,0.0,514000.0,9334500.0
1460,0.0021224422252938526,0.0,514500.0,9334500.0
1461,0.002205720454447028,0.0,515000.0,9334500.0
1462,0.002205720454447028,0.0,515500.0,9334500.0
1463,0.002205720454447028,0.0,516000.0,9334500.0
1464,0.002205720454447028,0.0,516500.0,9334500.0
1465,0.002205720454447028,0.0,517000.0,9334500.0
1466,0.004639037287519195,0.0,517500.0,9334500.0
1467,0.004639037287519195,0.0,518000.0,9334500.0
1468,0.003957128866984191,0.0,518500.0,9334500.0
1469,0.005476747691989359,0.0,519000.0,9334500.0
1470,0.005476747691989359,0.0,519500.0,9334500.0
1471,0.002437510041979023,0.0,520000.0,9334500.0
1472,0.002437510041979023,0.0,520500.0,9334500.0
1473,0.0024333168330721655,0.0,521000.0,9334500.0
1474,0.0,0.0,521500.0,9334500.0
1475,0.0020391639961406765,0.0,514000.0,9334000.0
1476,0.002205720454447028,0.0,514500.0,9334000.0
1477,0.002205720454447028,0.0,515000.0,9334000.0
1478,0.002205720454447028,0.0,515500.0,9334000.0
1479,0.002205720454447028,0.0,516000.0,9334000.0
1480,0.002205720454447028,0.0,516500.0,9334000.0
1481,0.002205720454447028,0.0,517000.0,9334000.0
1482,0.004639037287519195,0.0,517500.0,9334000.0
1483,0.004639037287519195,0.0,518000.0,9334000.0
1484,0.002437510041979023,0.0,518500.0,9334000.0
1485,0.005476747691989359,0.0,519000.0,9334000.0
1486,0.005476747691989359,0.0,519500.0,9334000.0
1487,0.002437510041979023,0.0,520000.0,9334000.0
1488,0.002437510041979023,0.0,520500.0,9334000.0
1489,0.0024333168330721655,0.0,521000.0,9334000.0
1490,0.002939943220935939,0.0,521500.0,9334000.0
